como voy a definir compuertas:

entradas:

00
01
10
11

esas son las entradas, pero la tabla de salida se puede ordenar como un numero
por ejemplo:

0001 es una tabla de salida:

000
010
100
111

o sea, es un and

Por tanto tenemos:

0000 = 0 ZER (ZERO)

000
010
100
110


0001 = 1 AND (AND)

000
010
100
111


0010 = 2 BIE (B IS EMITTER)

000
010
101
110


0011 = 3 PHI (THREE IS EMITTED)

000
010
101
111


0100 = 4 QUD (QUAD, FOUR IS EMITTED)

000
011
100
110


0101 = 5 STA (PENTAGON OUTPUT)

000
011
100
111


0110 = 6 XOR (NOT OR EXCLUSIVE)

000
011
101
110


0111 = 7 HEP (OR, BUT I NEED A 3 CHAR NAME)

000
011
101
111


1000 = 8 OCT (NOR, BUT I NEED A 3 CHAR NAME WITHOUT BEING SO SIMMILAR TO XOR)

001
010
100
110


1001 = 9 JOE (JOIN ON EQUAL, NOT XOR)

001
010
100
111


1010 = 10 RAI (RAIN PATTERN, NOT STAR)

001
010
101
110


1011 = 11 NOD (NOT QUAD)

001
010
101
111


1100 = 12 DOZ (DOZEN, NOT PHI)

001
011
100
110

1101 = 13 AXE (A CROSS EMITTER, NOT BIE)

001
011
100
111

1110 = 14 NAD (NAND, NOT AND)

001
011
101
110

1111 = 15 ONE (NOT ZERO)

001
011
101
111


total de compuertas:

ZER
AND
BIE
PHI

QUD
STA
XOR
HEP

OCT
PAR
RAI
NOD

DOZ
AXE
NAD
ONE


total de combinaciones en triada:
tengo a b c d(out):

para zero seria:
0000
0010
0100
0110
1000
1010
1100
1110

son 8 combinaciones por cada compuerta. Si junto los bits de salida de la compuerta son 8 bits

entonces los numeros son del 00000000 al 11111111

con 0

0000 0000 0     ZER ZER     00 (EN HEXADECIMAL)
0000 0001 1     ZER AND     01
0000 0010 2     ZER BIE     02
0000 0011 3     ZER PHI     03
0000 0100 4     ZER QUD     04
0000 0101 5     ZER STA     05
0000 0110 6     ZER XOR     06
0000 0111 7     ZER HEP     07
0000 1000 8     ZER OCT     08
0000 1001 9     ZER JOE     09
0000 1010 10    ZER RAI     0A
0000 1011 11    ZER NOD     0B
0000 1100 12    ZER DOZ     0C
0000 1101 13    ZER AXE     0D
0000 1110 14    ZER NAD     0E
0000 1111 15    ZER ONE     0F


con 1

0001 0000 0  AND ZER
0001 0001 1  AND AND
0001 0010 2
0001 0011 3
0001 0100 4
0001 0101 5
0001 0110 6
0001 0111 7
0001 1000 8
0001 1001 9
0001 1010 10
0001 1011 11
0001 1100 12
0001 1101 13
0001 1110 14
0001 1111 15


con 2

0010 0000 0
0010 0001 1
0010 0010 2
0010 0011 3
0010 0100 4
0010 0101 5
0010 0110 6
0010 0111 7
0010 1000 8
0010 1001 9
0010 1010 10
0010 1011 11
0010 1100 12
0010 1101 13
0010 1110 14
0010 1111 15


con 3

0011 0000 0
0011 0001 1
0011 0010 2
0011 0011 3
0011 0100 4
0011 0101 5
0011 0110 6
0011 0111 7
0011 1000 8
0011 1001 9
0011 1010 10
0011 1011 11
0011 1100 12
0011 1101 13
0011 1110 14
0011 1111 15


con 4

0100 0000 0
0100 0001 1
0100 0010 2
0100 0011 3
0100 0100 4
0100 0101 5
0100 0110 6
0100 0111 7
0100 1000 8
0100 1001 9
0100 1010 10
0100 1011 11
0100 1100 12
0100 1101 13
0100 1110 14
0100 1111 15


con 5

0101 0000 0
0101 0001 1
0101 0010 2
0101 0011 3
0101 0100 4
0101 0101 5
0101 0110 6
0101 0111 7
0101 1000 8
0101 1001 9
0101 1010 10
0101 1011 11
0101 1100 12
0101 1101 13
0101 1110 14
0101 1111 15


con 6

0110 0000 0
0110 0001 1
0110 0010 2
0110 0011 3
0110 0100 4
0110 0101 5
0110 0110 6
0110 0111 7
0110 1000 8
0110 1001 9
0110 1010 10
0110 1011 11
0110 1100 12
0110 1101 13
0110 1110 14
0110 1111 15


con 7

0111 0000 0
0111 0001 1
0111 0010 2
0111 0011 3
0111 0100 4
0111 0101 5
0111 0110 6
0111 0111 7
0111 1000 8
0111 1001 9
0111 1010 10
0111 1011 11
0111 1100 12
0111 1101 13
0111 1110 14
0111 1111 15


con 8

1000 0000 0
1000 0001 1
1000 0010 2
1000 0011 3
1000 0100 4
1000 0101 5
1000 0110 6
1000 0111 7
1000 1000 8
1000 1001 9
1000 1010 10
1000 1011 11
1000 1100 12
1000 1101 13
1000 1110 14
1000 1111 15


con 9

1001 0000 0
1001 0001 1
1001 0010 2
1001 0011 3
1001 0100 4
1001 0101 5
1001 0110 6
1001 0111 7
1001 1000 8
1001 1001 9
1001 1010 10
1001 1011 11
1001 1100 12
1001 1101 13
1001 1110 14
1001 1111 15


con 10

1010 0000 0
1010 0001 1
1010 0010 2
1010 0011 3
1010 0100 4
1010 0101 5
1010 0110 6
1010 0111 7
1010 1000 8
1010 1001 9
1010 1010 10
1010 1011 11
1010 1100 12
1010 1101 13
1010 1110 14
1010 1111 15


con 11

1011 0000 0
1011 0001 1
1011 0010 2
1011 0011 3
1011 0100 4
1011 0101 5
1011 0110 6
1011 0111 7
1011 1000 8
1011 1001 9
1011 1010 10
1011 1011 11
1011 1100 12
1011 1101 13
1011 1110 14
1011 1111 15


con 12

1100 0000 0
1100 0001 1
1100 0010 2
1100 0011 3
1100 0100 4
1100 0101 5
1100 0110 6
1100 0111 7
1100 1000 8
1100 1001 9
1100 1010 10
1100 1011 11
1100 1100 12
1100 1101 13
1100 1110 14
1100 1111 15


con 13

1101 0000 0
1101 0001 1
1101 0010 2
1101 0011 3
1101 0100 4
1101 0101 5
1101 0110 6
1101 0111 7
1101 1000 8
1101 1001 9
1101 1010 10
1101 1011 11
1101 1100 12
1101 1101 13
1101 1110 14
1101 1111 15


con 14

1110 0000 0
1110 0001 1
1110 0010 2
1110 0011 3
1110 0100 4
1110 0101 5
1110 0110 6
1110 0111 7
1110 1000 8
1110 1001 9
1110 1010 10
1110 1011 11
1110 1100 12
1110 1101 13
1110 1110 14
1110 1111 15


con 15

1111 0000 0
1111 0001 1
1111 0010 2
1111 0011 3
1111 0100 4
1111 0101 5
1111 0110 6
1111 0111 7
1111 1000 8
1111 1001 9
1111 1010 10
1111 1011 11
1111 1100 12
1111 1101 13
1111 1110 14
1111 1111 15


CARACTERES DESCRIPTIVOS

0,1,2,3,4,5,6,7,8,9                                     = 10

a,b,c,d,e,f,g,h,i,j,
k,l,m,n,ñ,o,p,q,r,s,
t,u,v,w,x,y,z                                           = 27

+27 mayusculas                                          = 27

=,+,/,*,@,#,~,<,>,¿
.,,,:,;,{,},[,],^,?
-,_,\,|,(,),%,&,',"
!,¡                                                     = 32

enter, otros                                            = n"'

total 10+ 27+ 27+ 32 = 32*3 = 96
asi que puedo asignar todo el alfabeto y numeros en los primeros 96 bits

96 en binario es  0110 0000 que puede ser escrito como 7 bits de cadena y 1 de control

me quedan 5 bits de accion, o sea 31 espacios de caracter. Ahi puedo meter acciones
